1	    CREF	       0	 0.35249	  0.8333	       0	  0.4164	       0	  26.551	 0.93155	        
2	     Fp1	     -18	   0.479	 0.94899	 0.30834	0.065926	      18	    3.78	       1	        
3	     Fpz	       0	   0.471	 0.99585	       0	 0.09098	       0	    5.22	       1	        
4	     Fp2	      18	   0.479	 0.94899	-0.30834	0.065926	     -18	    3.78	       1	        
5	      F7	     -54	   0.491	 0.58755	 0.80869	0.028271	      54	    1.62	       1	        
6	      F3	     -39	   0.318	 0.65354	 0.52922	 0.54112	      39	   32.76	       1	        
7	      Fz	       0	   0.234	 0.67069	       0	 0.74174	       0	   47.88	       1	        
8	      F4	      39	   0.318	 0.65354	-0.52922	 0.54112	     -39	   32.76	       1	        
9	      F8	      54	   0.491	 0.58755	-0.80869	0.028271	     -54	    1.62	       1	        
10	     FC5	     -69	   0.382	 0.33402	 0.87016	 0.36228	      69	   21.24	       1	        
11	     FC1	     -45	   0.167	 0.35419	 0.35419	  0.8655	      45	   59.94	       1	        
12	     FC2	      45	   0.167	 0.35419	-0.35419	  0.8655	     -45	   59.94	       1	        
13	     FC6	      69	   0.382	 0.33402	-0.87016	 0.36228	     -69	   21.24	       1	        
14	      M1	    -100	     0.5	-0.17365	 0.98481	       0	     100	       0	       1	        
15	      T7	     -90	     0.5	       0	       1	       0	      90	       0	       1	        
16	      C3	     -90	   0.247	       0	 0.70041	 0.71374	      90	   45.54	       1	        
17	      Cz	       0	       0	       0	       0	       1	       0	      90	       1	        
18	      C4	      90	   0.247	       0	-0.70041	 0.71374	     -90	   45.54	       1	        
19	      T8	      90	     0.5	       0	      -1	       0	     -90	       0	       1	        
20	      M2	     100	     0.5	-0.17365	-0.98481	       0	    -100	       0	       1	        
21	     CP5	    -111	   0.382	-0.33402	 0.87016	 0.36228	     111	   21.24	       1	        
22	     CP1	    -136	   0.168	-0.36228	 0.34985	 0.86392	     136	   59.76	       1	        
23	     CP2	     136	   0.168	-0.36228	-0.34985	 0.86392	    -136	   59.76	       1	        
24	     CP6	     111	   0.382	-0.33402	-0.87016	 0.36228	    -111	   21.24	       1	        
25	      P7	    -126	   0.491	-0.58755	 0.80869	0.028271	     126	    1.62	       1	        
26	      P3	    -141	   0.321	-0.65747	 0.53241	 0.53317	     141	   32.22	       1	        
27	      Pz	     180	   0.239	-0.68225	       0	 0.73112	    -180	   46.98	       1	        
28	      P4	     141	   0.321	-0.65747	-0.53241	 0.53317	    -141	   32.22	       1	        
29	      P8	     126	   0.491	-0.58755	-0.80869	0.028271	    -126	    1.62	       1	        
30	     POz	     180	    0.35	-0.89101	       0	 0.45399	    -180	      27	       1	        
31	      O1	    -169	   0.482	-0.98006	  0.1905	0.056519	     169	    3.24	       1	        
32	      Oz	     180	   0.472	-0.99613	       0	0.087851	    -180	    5.04	       1	        
33	      O2	     169	   0.482	-0.98006	 -0.1905	0.056519	    -169	    3.24	       1	        
34	  BIP 01	       0	       0	       0	       0	       0	       0	       0	       0	        
35	  BIP 02	       0	       0	       0	       0	       0	       0	       0	       0	        
36	  BIP 03	       0	       0	       0	       0	       0	       0	       0	       0	        
37	  BIP 04	       0	       0	       0	       0	       0	       0	       0	       0	        
38	 ISO aux	       0	       0	       0	       0	       0	       0	       0	       0	        
39	 ISO aux	       0	       0	       0	       0	       0	       0	       0	       0	        
40	 AUX 1-3	       0	       0	       0	       0	       0	       0	       0	       0	        
41	 AUX 2-1	       0	       0	       0	       0	       0	       0	       0	       0	        
42	 AUX 2-2	       0	       0	       0	       0	       0	       0	       0	       0	        
43	 AUX 2-3	       0	       0	       0	       0	       0	       0	       0	       0	        
44	 AUX 3-1	       0	       0	       0	       0	       0	       0	       0	       0	        
45	 AUX 3-2	       0	       0	       0	       0	       0	       0	       0	       0	        
46	 AUX 3-3	       0	       0	       0	       0	       0	       0	       0	       0	        
47	    SpO2	       0	       0	       0	       0	       0	       0	       0	       0	        
48	   PLETH	       0	       0	       0	       0	       0	       0	       0	       0	        
49	   HRate	       0	       0	       0	       0	       0	       0	       0	       0	        
50	    Stat	       0	       0	       0	       0	       0	       0	       0	       0	        
51	  X-AXIS	       0	       0	       0	       0	       0	       0	       0	       0	        
52	  Y-AXIS	       0	       0	       0	       0	       0	       0	       0	       0	        
53	  Z-AXIS	       0	       0	       0	       0	       0	       0	       0	       0	        
54	TRIGGERS1	       0	       0	       0	       0	       0	       0	       0	       0	        
55	TRIGGERS2	       0	       0	       0	       0	       0	       0	       0	       0	        
56	TRIGGERS3	       0	       0	       0	       0	       0	       0	       0	       0	        
57	TRIGGERS4	       0	       0	       0	       0	       0	       0	       0	       0	        
58	TRIGGERS5	       0	       0	       0	       0	       0	       0	       0	       0	        
59	TRIGGERS6	       0	       0	       0	       0	       0	       0	       0	       0	        
60	TRIGGERS7	       0	       0	       0	       0	       0	       0	       0	       0	        
61	TRIGGERS8	       0	       0	       0	       0	       0	       0	       0	       0	        
62	TRIGGERS9	       0	       0	       0	       0	       0	       0	       0	       0	        
63	TRIGGERS10	       0	       0	       0	       0	       0	       0	       0	       0	        
64	TRIGGERS11	       0	       0	       0	       0	       0	       0	       0	       0	        
65	TRIGGERS12	       0	       0	       0	       0	       0	       0	       0	       0	        
66	TRIGGERS13	       0	       0	       0	       0	       0	       0	       0	       0	        
67	TRIGGERS14	       0	       0	       0	       0	       0	       0	       0	       0	        
68	TRIGGERS15	       0	       0	       0	       0	       0	       0	       0	       0	        
69	TRIGGERS16	       0	       0	       0	       0	       0	       0	       0	       0	        
70	  STATUS	       0	       0	       0	       0	       0	       0	       0	       0	        
71	Counter 2power24	       0	       0	       0	       0	       0	       0	       0	       0	        
